down 0 0 2 0 0 0 0 0 0 0 0 0 0 4 0 0 4
down 0 0 0 0 2 0 0 0 0 0 0 0 0 4 2 0 4
down 2 0 0 0 0 0 0 0 0 0 0 0 2 4 2 0 4
right 0 0 0 2 0 0 0 0 0 2 0 0 0 2 4 2 4
down 2 0 0 0 0 0 0 0 0 0 0 0 0 4 4 4 12
left 2 0 0 0 0 0 0 0 0 0 0 2 8 4 0 0 20
right 0 0 0 2 0 0 0 0 0 0 2 2 0 0 8 4 20
down 0 0 0 0 0 0 0 0 0 0 2 4 0 2 8 4 24
right 0 0 0 0 0 0 0 0 0 0 2 4 0 2 8 4 24
down 0 0 0 0 0 0 2 0 0 0 2 0 0 2 8 8 32
down 0 0 0 0 0 0 0 0 0 2 4 0 0 2 8 8 36
left 0 0 0 0 0 0 0 0 2 4 2 0 2 16 0 0 52
down 0 0 0 2 0 0 0 0 0 4 0 0 4 16 2 0 56
left 2 0 0 0 2 0 0 0 4 0 0 0 4 16 2 0 56
right 0 4 0 2 0 0 0 2 0 0 0 4 0 4 16 2 56
down 0 0 2 0 0 0 0 4 0 0 0 4 0 8 16 2 68
right 0 0 0 2 0 2 0 4 0 0 0 4 0 8 16 2 68
down 0 0 0 0 0 0 0 2 2 2 0 8 0 8 16 2 76
right 0 0 0 0 0 0 0 2 0 2 4 8 0 8 16 2 80
down 0 0 0 0 0 0 0 2 0 2 4 8 0 8 16 2 80
down 0 0 0 0 0 0 0 2 0 2 4 8 0 8 16 2 80
right 0 0 0 0 0 0 0 2 0 2 4 8 0 8 16 2 80
down 0 0 0 0 0 0 0 2 0 2 4 8 0 8 16 2 80
right 0 0 0 0 0 0 0 2 0 2 4 8 0 8 16 2 80
left 0 0 4 0 2 0 0 0 2 4 8 0 8 16 2 0 80
right 0 0 0 4 0 0 0 2 4 2 4 8 0 8 16 2 80
down 0 0 0 4 0 0 0 2 2 2 4 8 4 8 16 2 80
down 0 0 0 4 0 0 0 2 2 2 4 8 4 8 16 2 80
right 0 0 0 4 0 0 0 2 2 4 4 8 4 8 16 2 84
right 0 2 0 4 0 0 0 2 0 2 8 8 4 8 16 2 92
down 0 0 0 4 0 0 2 2 0 4 8 8 4 8 16 2 96
right 2 0 0 4 0 0 0 4 0 0 4 16 4 8 16 2 116
down 0 0 0 0 0 2 0 8 2 0 4 16 4 8 16 2 124
left 0 0 0 0 2 8 0 4 2 4 16 0 4 8 16 2 124
right 4 0 0 0 0 2 8 4 0 2 4 16 4 8 16 2 124
down 0 0 0 0 0 0 8 4 2 4 4 16 8 8 16 2 136
right 0 0 0 0 0 0 8 4 0 2 8 16 2 16 16 2 160
left 0 0 2 0 8 4 0 0 2 8 16 0 2 32 2 0 192
down 0 0 4 0 0 4 2 0 8 8 16 0 4 32 2 0 196
right 0 0 0 4 0 0 4 2 0 0 16 16 2 4 32 2 212
down 0 0 0 4 0 0 4 2 0 0 16 16 2 4 32 2 212
left 4 0 0 0 4 2 0 0 32 0 2 0 2 4 32 2 244
right 0 0 2 4 0 0 4 2 0 0 32 2 2 4 32 2 244
down 0 0 0 0 0 0 2 4 2 0 4 2 2 4 64 4 312
down 0 0 0 0 0 0 2 4 2 0 4 2 4 4 64 4 316
right 0 0 0 0 2 0 2 4 0 2 4 2 0 8 64 4 324
left 0 0 0 0 4 4 0 0 2 4 2 0 8 64 4 2 328
down 0 0 0 0 4 0 0 2 2 8 2 0 8 64 4 2 336
right 0 2 0 0 0 0 4 2 0 2 8 2 8 64 4 2 336
down 0 0 0 0 2 0 4 0 0 4 8 2 8 64 4 4 344
right 0 0 0 0 0 2 2 4 0 4 8 2 0 8 64 8 352
