right 0 0 0 2 0 0 0 0 0 0 2 0 0 0 0 2 0
right 0 0 2 2 0 0 0 0 0 0 0 2 0 0 0 2 0
right 0 0 4 4 0 0 0 0 0 0 0 2 0 0 0 2 4
right 0 0 0 8 0 0 0 0 0 2 0 2 0 0 0 2 12
right 0 2 0 8 0 0 0 0 0 0 0 4 0 0 0 2 16
right 0 0 2 8 0 0 0 0 0 0 0 4 0 2 0 2 16
right 2 0 2 8 0 0 0 0 0 0 0 4 0 0 0 4 20
right 0 0 4 8 0 0 0 0 0 0 0 4 0 0 2 4 24
up 2 0 4 8 0 0 2 8 0 0 0 0 0 0 0 0 32
right 0 2 4 8 0 0 2 8 0 0 0 0 0 0 2 0 32
right 0 2 4 8 0 0 2 8 0 0 0 2 0 0 0 2 32
up 0 2 4 16 0 0 2 4 0 0 0 0 0 0 4 0 52
right 0 2 4 16 0 0 2 4 0 0 2 0 0 0 0 4 52
right 0 2 4 16 0 0 2 4 0 0 0 2 0 0 2 4 52
up 0 2 4 16 0 0 4 4 0 0 0 2 0 0 2 4 56
right 0 2 4 16 0 0 2 8 0 0 0 2 0 0 2 4 64
up 0 2 4 16 0 0 4 8 0 0 0 2 2 0 0 4 68
right 0 2 4 16 0 0 4 8 0 0 0 2 0 2 2 4 68
right 0 2 4 16 0 0 4 8 0 2 0 2 0 0 4 4 72
right 2 2 4 16 0 0 4 8 0 0 0 4 0 0 0 8 84
right 0 4 4 16 0 2 4 8 0 0 0 4 0 0 0 8 88
right 0 0 8 16 0 2 4 8 0 0 4 4 0 0 0 8 96
right 0 0 8 16 2 2 4 8 0 0 0 8 0 0 0 8 104
right 0 0 8 16 0 4 4 8 0 0 2 8 0 0 0 8 108
right 0 0 8 16 0 0 8 8 0 0 2 8 0 0 2 8 116
right 0 0 8 16 0 2 0 16 0 0 2 8 0 0 2 8 132
right 0 0 8 16 0 2 2 16 0 0 2 8 0 0 2 8 132
right 0 0 8 16 0 0 4 16 2 0 2 8 0 0 2 8 136
right 2 0 8 16 0 0 4 16 0 0 4 8 0 0 2 8 140
right 0 2 8 16 0 0 4 16 2 0 4 8 0 0 2 8 140
right 0 2 8 16 2 0 4 16 0 2 4 8 0 0 2 8 140
right 0 2 8 16 2 2 4 16 0 2 4 8 0 0 2 8 140
right 2 2 8 16 0 4 4 16 0 2 4 8 0 0 2 8 144
right 0 4 8 16 0 2 8 16 0 2 4 8 0 0 2 8 156
up 2 4 16 32 0 4 4 16 0 0 2 0 0 0 0 0 224
right 2 4 16 32 2 0 8 16 0 0 0 2 0 0 0 0 232
right 2 4 16 32 0 2 8 16 2 0 0 2 0 0 0 0 232
right 2 4 16 32 0 2 8 16 0 0 0 4 0 2 0 0 236
right 2 4 16 32 0 2 8 16 0 0 0 4 0 4 0 2 236
right 2 4 16 32 0 2 8 16 0 2 0 4 0 0 4 2 236
right 2 4 16 32 0 2 8 16 0 0 2 4 2 0 4 2 236
right 2 4 16 32 0 2 8 16 0 2 2 4 0 2 4 2 236
right 2 4 16 32 0 2 8 16 0 0 4 4 2 2 4 2 240
right 2 4 16 32 2 2 8 16 0 0 0 8 0 4 4 2 252
right 2 4 16 32 2 4 8 16 0 0 0 8 0 0 8 2 264
up 4 8 16 32 0 0 16 16 0 0 0 8 0 0 2 2 292
right 4 8 16 32 0 2 0 32 0 0 0 8 0 0 0 4 328
right 4 8 16 32 2 0 2 32 0 0 0 8 0 0 0 4 328
right 4 8 16 32 0 0 4 32 0 0 0 8 0 2 0 4 332
right 4 8 16 32 0 0 4 32 0 0 0 8 0 2 2 4 332
right 4 8 16 32 0 2 4 32 0 0 0 8 0 0 4 4 336
right 4 8 16 32 2 2 4 32 0 0 0 8 0 0 0 8 344
right 4 8 16 32 0 4 4 32 0 0 0 8 0 0 2 8 348
right 4 8 16 32 0 0 8 32 0 0 0 8 0 2 2 8 356
right 4 8 16 32 0 2 8 32 0 0 0 8 0 0 4 8 360
up 4 8 16 64 0 2 8 16 2 0 4 0 0 0 0 0 440
right 4 8 16 64 0 2 8 16 0 0 2 4 0 0 0 2 440
left 4 8 16 64 2 8 16 0 2 4 0 0 2 0 0 2 440
right 4 8 16 64 0 2 8 16 2 0 2 4 0 0 0 4 444
right 4 8 16 64 0 2 8 16 0 2 4 4 0 0 0 4 448
right 4 8 16 64 0 2 8 16 0 2 2 8 0 0 0 4 456
right 4 8 16 64 0 2 8 16 2 0 4 8 0 0 0 4 460
right 4 8 16 64 0 2 8 16 0 2 4 8 2 0 0 4 460
right 4 8 16 64 0 2 8 16 0 2 4 8 2 0 2 4 460
right 4 8 16 64 0 2 8 16 0 2 4 8 2 0 4 4 464
right 4 8 16 64 2 2 8 16 0 2 4 8 0 0 2 8 472
right 4 8 16 64 0 4 8 16 2 2 4 8 0 0 2 8 476
right 4 8 16 64 0 4 8 16 2 4 4 8 0 0 2 8 480
right 4 8 16 64 2 4 8 16 0 2 8 8 0 0 2 8 488
right 4 8 16 64 2 4 8 16 0 2 2 16 0 0 2 8 504
right 4 8 16 64 2 4 8 16 0 2 4 16 0 0 2 8 508
up 4 8 16 64 2 4 8 32 0 2 4 8 0 0 2 2 540
right 4 8 16 64 2 4 8 32 0 2 4 8 0 2 0 4 544
right 4 8 16 64 2 4 8 32 0 2 4 8 2 0 2 4 544
right 4 8 16 64 2 4 8 32 0 2 4 8 2 0 4 4 548
right 4 8 16 64 2 4 8 32 0 2 4 8 0 4 2 8 556
up 4 8 16 64 2 4 8 32 0 2 4 16 0 4 2 2 572
right 4 8 16 64 2 4 8 32 0 2 4 16 2 0 4 4 576
right 4 8 16 64 2 4 8 32 0 2 4 16 2 0 2 8 584
right 4 8 16 64 2 4 8 32 0 2 4 16 0 2 4 8 588
up 4 8 16 64 2 4 8 32 0 4 8 16 0 0 4 8 600
up 4 8 16 64 2 8 16 32 0 0 4 16 2 0 0 8 624
right 4 8 16 64 2 8 16 32 2 0 4 16 0 0 2 8 624
right 4 8 16 64 2 8 16 32 0 2 4 16 0 2 2 8 624
right 4 8 16 64 2 8 16 32 0 2 4 16 2 0 4 8 628
right 4 8 16 64 2 8 16 32 2 2 4 16 0 2 4 8 628
right 4 8 16 64 2 8 16 32 2 4 4 16 0 2 4 8 632
right 4 8 16 64 2 8 16 32 2 2 8 16 0 2 4 8 640
right 4 8 16 64 2 8 16 32 0 4 8 16 2 2 4 8 644
right 4 8 16 64 2 8 16 32 2 4 8 16 0 4 4 8 648
right 4 8 16 64 2 8 16 32 2 4 8 16 0 2 8 8 656
right 4 8 16 64 2 8 16 32 2 4 8 16 0 2 2 16 672
right 4 8 16 64 2 8 16 32 2 4 8 16 2 0 4 16 676
right 4 8 16 64 2 8 16 32 2 4 8 16 2 2 4 16 676
right 4 8 16 64 2 8 16 32 2 4 8 16 2 4 4 16 680
right 4 8 16 64 2 8 16 32 2 4 8 16 4 2 8 16 688
up 4 16 32 64 4 4 16 32 4 2 2 32 0 0 0 0 788
right 4 16 32 64 0 8 16 32 4 4 4 32 0 0 0 0 800
right 4 16 32 64 0 8 16 32 0 4 8 32 0 2 0 0 808
right 4 16 32 64 0 8 16 32 0 4 8 32 0 0 2 2 808
right 4 16 32 64 0 8 16 32 0 4 8 32 2 0 0 4 812
right 4 16 32 64 2 8 16 32 0 4 8 32 0 0 2 4 812
up 4 16 32 64 2 8 16 64 2 4 8 4 0 0 2 0 876
right 4 16 32 64 2 8 16 64 2 4 8 4 2 0 0 2 876
right 4 16 32 64 2 8 16 64 2 4 8 4 0 2 0 4 880
right 4 16 32 64 2 8 16 64 2 4 8 4 2 0 2 4 880
right 4 16 32 64 2 8 16 64 2 4 8 4 2 0 4 4 884
right 4 16 32 64 2 8 16 64 2 4 8 4 2 0 2 8 892
right 4 16 32 64 2 8 16 64 2 4 8 4 2 0 4 8 896
right 4 16 32 64 2 8 16 64 2 4 8 4 2 2 4 8 896
right 4 16 32 64 2 8 16 64 2 4 8 4 2 4 4 8 900
right 4 16 32 64 2 8 16 64 2 4 8 4 2 2 8 8 908
right 4 16 32 64 2 8 16 64 2 4 8 4 2 0 4 16 928
right 4 16 32 64 2 8 16 64 2 4 8 4 2 2 4 16 928
right 4 16 32 64 2 8 16 64 2 4 8 4 2 4 4 16 932
right 4 16 32 64 2 8 16 64 2 4 8 4 4 2 8 16 940
up 4 16 32 128 4 8 16 4 4 4 16 16 0 2 0 2 1088
right 4 16 32 128 4 8 16 4 2 0 8 32 0 0 0 4 1132
right 4 16 32 128 4 8 16 4 0 2 8 32 2 0 0 4 1132
right 4 16 32 128 4 8 16 4 0 2 8 32 0 2 2 4 1132
right 4 16 32 128 4 8 16 4 2 2 8 32 0 0 4 4 1136
right 4 16 32 128 4 8 16 4 2 4 8 32 0 0 0 8 1148
up 8 16 32 128 2 8 16 4 0 4 8 32 2 0 0 8 1156
right 8 16 32 128 2 8 16 4 0 4 8 32 2 0 2 8 1156
right 8 16 32 128 2 8 16 4 0 4 8 32 0 2 4 8 1160
left 8 16 32 128 2 8 16 4 4 8 32 2 2 4 8 0 1160
right 8 16 32 128 2 8 16 4 4 8 32 2 2 2 4 8 1160
right 8 16 32 128 2 8 16 4 4 8 32 2 2 4 4 8 1164
right 8 16 32 128 2 8 16 4 4 8 32 2 2 2 8 8 1172
right 8 16 32 128 2 8 16 4 4 8 32 2 2 0 4 16 1192
right 8 16 32 128 2 8 16 4 4 8 32 2 2 2 4 16 1192
right 8 16 32 128 2 8 16 4 4 8 32 2 2 4 4 16 1196
right 8 16 32 128 2 8 16 4 4 8 32 2 2 2 8 16 1204
right 8 16 32 128 2 8 16 4 4 8 32 2 2 4 8 16 1208
up 8 16 32 128 2 16 16 4 4 4 32 2 2 4 8 16 1224
right 8 16 32 128 0 2 32 4 2 8 32 2 2 4 8 16 1264
up 8 16 64 128 4 2 32 4 0 8 8 2 2 4 0 16 1332
right 8 16 64 128 4 2 32 4 2 0 16 2 0 2 4 16 1348
right 8 16 64 128 4 2 32 4 0 2 16 2 2 2 4 16 1348
right 8 16 64 128 4 2 32 4 2 2 16 2 0 4 4 16 1352
right 8 16 64 128 4 2 32 4 0 4 16 2 2 0 8 16 1364
right 8 16 64 128 4 2 32 4 0 4 16 2 4 2 8 16 1364
up 8 16 64 128 8 2 32 4 2 4 16 2 0 2 8 16 1372
up 16 16 64 128 2 2 32 4 0 4 16 2 2 2 8 16 1388
right 2 32 64 128 0 4 32 4 0 4 16 2 0 4 8 16 1428
up 2 32 64 128 0 8 32 4 0 4 16 2 0 2 8 16 1436
left 2 32 64 128 8 32 4 0 4 16 2 0 2 8 16 2 1436
right 2 32 64 128 2 8 32 4 0 4 16 2 2 8 16 2 1436
up 4 32 64 128 2 8 32 4 0 4 32 4 2 8 0 0 1476
right 4 32 64 128 2 8 32 4 2 4 32 4 0 0 2 8 1476
up 4 32 64 128 4 8 64 8 2 4 2 8 0 0 0 0 1552
up 8 32 128 128 2 8 2 16 0 4 0 0 2 0 0 0 1704
right 0 8 32 256 2 8 2 16 0 0 0 4 0 0 2 2 1960
right 0 8 32 256 2 8 2 16 0 0 2 4 0 0 0 4 1964
up 2 16 32 256 0 0 4 16 0 0 0 8 0 2 0 0 1992
right 2 16 32 256 0 0 4 16 0 0 0 8 0 0 2 2 1992
right 2 16 32 256 0 2 4 16 0 0 0 8 0 0 0 4 1996
left 2 16 32 256 2 4 16 0 8 0 2 0 4 0 0 0 1996
right 2 16 32 256 0 2 4 16 2 0 8 2 0 0 0 4 1996
right 2 16 32 256 0 2 4 16 0 2 8 2 0 0 2 4 1996
up 2 16 32 256 0 4 4 16 2 0 8 2 0 0 2 4 2000
right 2 16 32 256 0 0 8 16 2 2 8 2 0 0 2 4 2008
right 2 16 32 256 0 0 8 16 0 4 8 2 2 0 2 4 2012
right 2 16 32 256 0 0 8 16 0 4 8 2 2 0 4 4 2016
right 2 16 32 256 0 0 8 16 0 4 8 2 0 2 2 8 2024
right 2 16 32 256 0 0 8 16 2 4 8 2 0 0 4 8 2028
up 4 16 32 256 0 4 16 16 0 0 4 2 0 4 0 8 2048
right 4 16 32 256 0 0 4 32 0 0 4 2 4 0 4 8 2080
right 4 16 32 256 0 0 4 32 2 0 4 2 0 0 8 8 2088
right 4 16 32 256 0 0 4 32 2 2 4 2 0 0 0 16 2104
right 4 16 32 256 0 0 4 32 0 4 4 2 0 2 0 16 2108
right 4 16 32 256 0 2 4 32 0 0 8 2 0 0 2 16 2116
left 4 16 32 256 2 4 32 0 8 2 0 2 2 16 0 0 2116
right 4 16 32 256 0 2 4 32 0 0 8 4 2 0 2 16 2120
right 4 16 32 256 2 2 4 32 0 0 8 4 0 0 4 16 2124
right 4 16 32 256 0 4 4 32 0 2 8 4 0 0 4 16 2128
right 4 16 32 256 0 0 8 32 0 2 8 4 4 0 4 16 2136
right 4 16 32 256 0 0 8 32 2 2 8 4 0 0 8 16 2144
right 4 16 32 256 0 0 8 32 0 4 8 4 2 0 8 16 2148
right 4 16 32 256 0 0 8 32 2 4 8 4 0 2 8 16 2148
up 4 16 32 256 2 4 16 32 0 2 8 4 0 2 0 16 2164
right 4 16 32 256 2 4 16 32 2 2 8 4 0 0 2 16 2164
right 4 16 32 256 2 4 16 32 0 4 8 4 0 2 2 16 2168
right 4 16 32 256 2 4 16 32 2 4 8 4 0 0 4 16 2172
up 4 16 32 256 4 8 16 32 0 0 8 4 0 2 4 16 2184
up 8 16 32 256 4 8 16 32 0 2 8 4 0 0 4 16 2192
left 8 16 32 256 4 8 16 32 2 8 4 2 4 16 0 0 2192
right 8 16 32 256 4 8 16 32 2 8 4 2 0 2 4 16 2192
up 8 16 32 256 4 16 16 32 2 2 8 2 0 0 2 16 2216
right 8 16 32 256 0 4 32 32 2 4 8 2 0 0 2 16 2252
right 8 16 32 256 0 0 4 64 2 4 8 2 4 0 2 16 2316
right 8 16 32 256 0 2 4 64 2 4 8 2 0 4 2 16 2316
up 8 16 32 256 2 2 4 64 4 8 8 2 0 0 2 16 2324
right 8 16 32 256 0 4 4 64 0 4 16 2 0 2 2 16 2344
right 8 16 32 256 0 0 8 64 0 4 16 2 0 2 4 16 2356
up 8 16 32 256 0 4 8 64 2 2 16 2 0 0 4 16 2356
right 8 16 32 256 0 4 8 64 0 4 16 2 0 2 4 16 2360
up 8 16 32 256 0 8 8 64 2 2 16 2 0 0 4 16 2368
right 8 16 32 256 2 0 16 64 0 4 16 2 0 0 4 16 2388
right 8 16 32 256 0 2 16 64 0 4 16 2 2 0 4 16 2388
right 8 16 32 256 0 2 16 64 2 4 16 2 0 2 4 16 2388
up 8 16 32 256 2 2 32 64 0 4 4 2 2 2 0 16 2420
right 8 16 32 256 0 4 32 64 0 0 8 2 2 0 4 16 2436
right 8 16 32 256 0 4 32 64 0 0 8 2 2 2 4 16 2436
right 8 16 32 256 0 4 32 64 0 0 8 2 2 4 4 16 2440
right 8 16 32 256 2 4 32 64 0 0 8 2 0 2 8 16 2448
up 8 16 64 256 2 4 16 64 0 2 2 2 0 0 0 16 2528
right 8 16 64 256 2 4 16 64 0 2 2 4 0 0 0 16 2532
right 8 16 64 256 2 4 16 64 2 0 4 4 0 0 0 16 2536
right 8 16 64 256 2 4 16 64 2 0 2 8 0 0 0 16 2544
right 8 16 64 256 2 4 16 64 0 0 4 8 2 0 0 16 2548
right 8 16 64 256 2 4 16 64 0 0 4 8 0 2 2 16 2548
right 8 16 64 256 2 4 16 64 0 2 4 8 0 0 4 16 2552
up 8 16 64 256 2 4 16 64 2 2 8 8 0 0 0 16 2560
right 8 16 64 256 2 4 16 64 0 0 4 16 2 0 0 16 2580
right 8 16 64 256 2 4 16 64 0 0 4 16 2 0 2 16 2580
right 8 16 64 256 2 4 16 64 0 0 4 16 0 2 4 16 2584
up 8 16 64 256 2 4 16 64 0 2 8 32 0 2 0 0 2624
right 8 16 64 256 2 4 16 64 0 2 8 32 0 0 2 2 2624
right 8 16 64 256 2 4 16 64 2 2 8 32 0 0 0 4 2628
right 8 16 64 256 2 4 16 64 0 4 8 32 0 2 0 4 2632
right 8 16 64 256 2 4 16 64 0 4 8 32 2 0 2 4 2632
right 8 16 64 256 2 4 16 64 0 4 8 32 2 0 4 4 2636
right 8 16 64 256 2 4 16 64 0 4 8 32 2 0 2 8 2644
right 8 16 64 256 2 4 16 64 2 4 8 32 0 0 4 8 2648
up 8 16 64 256 4 8 16 64 0 0 8 32 2 0 4 8 2660
right 8 16 64 256 4 8 16 64 2 0 8 32 0 2 4 8 2660
right 8 16 64 256 4 8 16 64 2 2 8 32 0 2 4 8 2660
right 8 16 64 256 4 8 16 64 2 4 8 32 0 2 4 8 2664
left 8 16 64 256 4 8 16 64 2 4 8 32 2 4 8 2 2664
up 8 16 64 256 4 8 16 64 4 8 16 32 2 0 0 2 2692
right 8 16 64 256 4 8 16 64 4 8 16 32 0 4 0 4 2696
right 8 16 64 256 4 8 16 64 4 8 16 32 0 2 0 8 2704
right 8 16 64 256 4 8 16 64 4 8 16 32 2 0 2 8 2704
right 8 16 64 256 4 8 16 64 4 8 16 32 2 0 4 8 2708
right 8 16 64 256 4 8 16 64 4 8 16 32 4 2 4 8 2708
up 8 16 64 256 8 16 32 64 4 2 4 32 0 0 2 8 2764
up 16 32 64 256 4 2 32 64 0 0 4 32 2 0 2 8 2812
right 16 32 64 256 4 2 32 64 0 2 4 32 0 0 4 8 2816
up 16 32 64 256 4 4 32 64 0 0 8 32 2 0 0 8 2828
right 16 32 64 256 4 8 32 64 0 0 8 32 0 0 2 8 2836
left 16 32 64 256 4 8 32 64 8 32 0 0 2 8 0 2 2836
right 16 32 64 256 4 8 32 64 0 2 8 32 0 2 8 2 2836
up 16 32 64 256 4 8 32 64 2 4 16 32 0 0 0 2 2856
left 16 32 64 256 4 8 32 64 2 4 16 32 2 0 0 2 2856
right 16 32 64 256 4 8 32 64 2 4 16 32 2 0 0 4 2860
right 16 32 64 256 4 8 32 64 2 4 16 32 2 0 2 4 2860
right 16 32 64 256 4 8 32 64 2 4 16 32 2 0 4 4 2864
right 16 32 64 256 4 8 32 64 2 4 16 32 0 2 2 8 2872
right 16 32 64 256 4 8 32 64 2 4 16 32 0 2 4 8 2876
left 16 32 64 256 4 8 32 64 2 4 16 32 2 4 8 2 2876
up 16 32 64 256 4 8 32 64 4 8 16 32 0 2 8 2 2888
up 16 32 64 256 8 16 32 64 0 2 16 32 0 2 8 2 2912
up 16 32 64 256 8 16 32 64 2 4 16 32 0 0 8 2 2916
left 16 32 64 256 8 16 32 64 2 4 16 32 8 2 2 0 2916
right 16 32 64 256 8 16 32 64 2 4 16 32 2 0 8 4 2920
right 16 32 64 256 8 16 32 64 2 4 16 32 4 2 8 4 2920
