up 2 2 0 0 0 0 0 0 0 0 0 0 0 2 0 0 0
up 2 4 0 0 0 0 0 2 0 0 0 0 0 0 0 0 4
right 0 0 2 4 0 0 0 2 0 0 0 0 2 0 0 0 4
up 2 2 2 4 0 0 0 2 0 0 0 0 0 0 0 0 4
right 0 2 4 4 0 0 0 2 0 0 0 2 0 0 0 0 8
right 0 0 2 8 0 2 0 2 0 0 0 2 0 0 0 0 16
down 0 0 0 0 0 0 0 0 0 0 2 8 0 2 2 4 20
down 0 0 2 0 0 0 0 0 0 0 0 8 0 2 4 4 24
left 2 0 0 0 0 0 0 0 8 0 0 4 2 8 0 0 32
up 2 8 0 4 8 0 2 0 2 0 0 0 0 0 0 0 32
left 2 8 4 0 8 2 0 0 2 0 0 0 0 0 0 2 32
up 2 8 4 2 8 2 0 0 2 0 0 0 0 0 0 2 32
left 2 8 4 2 8 2 0 0 2 2 0 0 2 0 0 0 32
up 2 8 4 2 8 4 0 0 4 0 0 0 0 0 2 0 40
right 2 8 4 2 0 0 8 4 0 0 0 4 0 2 0 2 40
down 0 0 0 2 0 0 0 2 0 8 4 8 2 2 8 2 48
right 0 0 0 2 2 0 0 2 0 8 4 8 0 4 8 2 52
left 2 0 0 2 4 0 0 0 8 4 8 0 4 8 2 0 56
down 2 0 2 0 4 0 0 0 8 4 8 0 4 8 2 2 56
down 2 0 2 0 4 0 2 0 8 4 8 0 4 8 2 2 56
right 0 0 0 4 0 0 4 2 2 8 4 8 0 4 8 4 64
left 4 0 0 0 4 2 2 0 2 8 4 8 4 8 4 0 64
down 0 2 0 0 8 0 0 0 2 2 2 0 4 16 8 8 96
left 2 0 2 0 8 0 0 0 4 2 0 0 4 16 16 0 116
right 0 0 0 4 2 0 0 8 0 0 4 2 0 0 4 32 152
left 4 0 0 2 2 8 0 0 4 2 0 0 4 32 0 0 152
down 0 0 0 0 4 8 0 2 2 2 0 0 8 32 0 2 160
right 2 0 0 0 0 4 8 2 0 0 0 4 0 8 32 2 164
down 0 2 0 0 0 0 0 2 0 4 8 4 2 8 32 2 164
right 0 0 0 2 0 0 2 2 0 4 8 4 2 8 32 2 164
right 2 0 0 2 0 0 0 4 0 4 8 4 2 8 32 2 168
left 4 0 0 0 4 0 2 0 4 8 4 0 2 8 32 2 172
right 0 0 0 4 0 2 4 2 0 4 8 4 2 8 32 2 172
left 4 0 0 2 2 4 2 0 4 8 4 0 2 8 32 2 172
down 4 0 0 4 2 0 2 0 4 4 4 0 2 16 32 4 192
down 4 0 2 0 2 0 2 0 4 4 4 0 2 16 32 8 200
right 0 0 4 2 0 0 2 4 0 0 4 8 2 16 32 8 212
left 4 2 0 4 2 4 0 0 4 8 0 0 2 16 32 8 212
down 4 2 4 0 2 4 0 0 4 8 0 4 2 16 32 8 212
left 4 2 4 2 2 4 0 0 4 8 4 0 2 16 32 8 212
right 4 2 4 2 4 0 2 4 0 4 8 4 2 16 32 8 212
down 0 0 4 0 2 2 2 2 8 4 8 8 2 16 32 8 228
right 0 0 2 4 0 0 4 4 0 8 4 16 2 16 32 8 252
left 2 4 0 0 8 2 0 0 8 4 16 0 2 16 32 8 260
right 0 0 2 4 0 2 8 2 0 8 4 16 2 16 32 8 260
down 0 0 2 4 0 2 8 2 0 8 4 16 2 16 32 8 260
down 0 0 2 4 0 2 8 2 0 8 4 16 2 16 32 8 260
right 0 0 2 4 0 2 8 2 0 8 4 16 2 16 32 8 260
down 0 0 2 4 0 2 8 2 0 8 4 16 2 16 32 8 260
right 0 0 2 4 0 2 8 2 0 8 4 16 2 16 32 8 260
left 2 4 0 0 2 8 2 0 8 4 16 2 2 16 32 8 260
up 4 4 2 2 8 8 16 8 2 4 32 0 2 16 0 0 264
up 4 4 2 2 8 8 16 8 4 4 32 2 0 16 0 0 268
right 0 0 8 4 0 16 16 8 0 8 32 2 0 2 0 16 304
down 2 0 0 4 0 16 8 8 0 8 16 2 0 2 32 16 304
right 2 0 2 4 0 0 16 16 0 8 16 2 0 2 32 16 320
down 0 2 0 4 0 0 2 16 0 8 32 2 2 2 32 16 352
right 0 4 2 4 0 0 2 16 0 8 32 2 0 4 32 16 356
down 0 0 2 4 0 4 0 16 0 8 4 2 0 4 64 16 424
right 2 0 2 4 0 0 4 16 0 8 4 2 0 4 64 16 424
down 0 0 0 4 0 0 2 16 4 8 8 2 2 4 64 16 432
right 0 0 2 4 0 0 2 16 0 4 16 2 2 4 64 16 448
down 2 0 0 4 0 0 4 16 0 0 16 2 2 8 64 16 460
right 0 2 2 4 0 0 4 16 0 0 16 2 2 8 64 16 460
